388
518
379
977
706
873
22
473
743
423
781
992
522
232
467
479
951
231
226
448
416
610
858
974
298
905
788
923
707
716
789
190
386
19
195
78
48
577
396
585
342
928
316
836
289
311
96
664
197
886
548
351
90
91
193
23
375
910
730
657
49
569
958
216
558
461
897
305
527
133
570
487
871
283
156
459
602
309
647
978
811
324
331
33
529
919
177
65
696
920
812
285
159
970
483
784
371
620
184
987
937
476
266
200
338
841
863
624
425
523
347
362
888
753
816
162
392
5
859
72
890
852
791
409
387
274
884
643
930
677
127
313
165
146
889
645
757
680
628
352
545
116
55
426
198
180
837
922
484
252
225
168
299
792
436
699
517
793
924
678
194
695
60
242
276
713
372
779
615
782
281
205
896
1000
806
661
57
540
952
578
915
693
720
462
494
151
849
76
81
925
373
660
826
321
42
417
820
874
102
979
496
911
402
469
921
583
75
261
555
27
314
541
742
832
822
296
450
881
838
310
933
817
453
129
482
942
648
207
292
497
520
376
652
683
192
862
908
88
882
73
621
269
980
904
595
638
337
176
714
329
398
327
653
525
369
94
955
898
104
674
938
120
557
370
939
872
563
646
349
914
589
63
710
458
363
14
572
586
97
982
846
111
658
587
354
47
167
814
418
712
341
228
831
400
619
244
481
308
745
213
317
20
883
504
491
737
687
389
498
442
769
666
732
6
665
728
95
963
681
739
725
824
357
135
950
393
630
668
188
290
989
770
727
374
591
71
673
291
433
997
31
998
794
892
40
642
536
394
262
847
214
13
87
397
335
734
428
222
250
150
895
885
203
991
944
245
711
160
248
196
689
988
566
731
420
407
571
650
415
802
526
187
736
300
259
356
206
795
404
912
209
465
401
932
80
676
480
256
845
395
629
492
799
437
893
186
257
581
964
7
24
333
531
528
613
270
777
705
568
763
516
946
443
559
474
445
247
391
975
857
790
801
685
212
142
163
567
810
562
506
918
154
744
752
949
608
513
240
546
606
805
740
973
34
507
521
131
981
323
776
295
861
843
511
253
158
449
155
828
640
444
282
854
809
137
210
582
538
899
258
519
410
98
446
169
463
21
364
580
637
627
544
639
551
748
139
424
746
17
121
172
708
16
117
293
900
913
287
542
280
851
670
956
58
43
466
93
855
303
694
145
574
761
179
823
284
202
698
603
138
140
943
315
304
399
575
238
767
500
719
514
972
390
251
655
454
818
530
856
502
50
701
35
46
249
41
427
902
686
170
700
148
83
457
348
477
864
778
355
965
405
66
302
32
30
471
191
590
584
413
766
819
74
667
224
598
271
825
38
533
682
44
780
61
385
786
834
499
983
246
268
508
59
403
319
278
702
28
994
89
70
336
966
478
411
550
472
561
255
101
771
221
829
105
439
813
875
130
286
149
219
718
808
945
11
174
490
26
39
935
593
4
234
722
408
84
556
367
9
967
879
107
634
12
132
644
125
173
926
751
947
272
968
10
605
759
229
600
183
622
36
235
52
669
999
493
275
957
243
721
441
954
161
625
67
691
839
866
361
432
564
796
230
114
124
239
64
339
747
25
412
969
917
54
468
662
153
350
1
785
927
867
703
429
704
307
99
277
136
916
440
85
596
233
532
609
617
860
869
147
318
227
723
220
143
651
960
560
990
614
306
325
422
383
604
612
377
901
787
181
115
868
157
844
237
56
68
358
509
297
775
880
86
807
166
344
486
204
594
803
273
715
554
842
236
755
984
267
692
141
128
688
993
360
565
343
626
931
672
330
438
79
431
340
332
649
77
279
996
241
709
850
178
717
659
827
110
623
636
995
741
768
815
656
320
451
543
754
835
100
690
29
470
366
103
800
631
3
112
460
877
738
597
353
189
936
663
549
760
485
464
175
123
346
345
53
185
870
164
830
749
906
378
294
512
365
505
573
986
865
495
8
764
611
334
783
109
51
381
152
435
218
618
726
534
122
264
985
113
765
501
671
326
359
126
535
772
552
503
144
798
82
37
576
553
907
971
616
301
679
201
903
774
976
312
941
641
635
599
547
876
447
288
254
948
414
456
735
134
380
223
909
108
384
62
959
406
887
260
756
368
537
45
475
510
675
607
452
729
215
182
853
953
654
421
265
106
211
430
697
118
724
382
940
684
2
18
217
750
773
632
758
455
840
934
263
119
208
891
601
733
328
633
804
833
848
762
878
797
929
579
961
171
962
524
434
199
592
92
539
15
488
69
419
489
588
322
821
515
894
